503247609448759316
588652660807172119
638099628918571028
810248397306986556
703356445193666611
341061898126622730
277242551474585600
706381254521520172
809219476087111721
780389241041322015
679760511591645227
555316750124580865
399225969568645141
746523129643401339
211220308898611200
322020441789300736
730413370896810007
757321728543424543
514570030994685957
797217273357402112
669362285789315075
191297758785699840
728260375870570546
803005431873667092
187689691636563977
789150501933547561
728260375870570546
187689691636563977
789150501933547561
522996429690765324
587101902043480065
186193116859072513
792520650421567508
764539780016111646
347154890230857729
785523584503251004
600144528636248083
646381722472022016
766609402718584833
704136050515247114
212437302641819648
781381993551757343
812747331304030248
797989245645226015
630950850583592961
405373527814832139
812351442253512756
691962065492901899
696213991168671814
721291699745325076
759104354329427979
630016787039125524
276835450793230337
462653748930674716
795624330180427777
630950850583592961
405373527814832139
812351442253512756
691962065492901899
696213991168671814
721291699745325076
630016787039125524
276835450793230337
462653748930674716
745701781937324112
795624330180427777
630529734626771021
302858372363976735
513854742808625153
320337400176050188
745862315920064552
338916316494954497
312247044037410818
240131745129824277
568970494213357589
743304771036774520
811867109993742416
653311261139795968
167441242190249985
462196884711407616
798986637073711115
559472080165535761
813102731627593759
582356274935496735
344824650527801345
733120840979185757
791398478630486068
252947103007899651
507670498273132564
524934623378276372
770581730914205704
203146280086667264
188036186105839616
762556886032973854
693148828580446238
302163695776169985
454486645215854592
790939396621991966
498554127425732652
237709807388196865
598593223652540426
607693931198545941
595023081542516737
799124930863562772
684515874807218181
748608717125058732
428332611061022729
539607835454078976
761714710768517220
419588064202194945
817021076256718901
224211359238324229
